     0   102    51
     0   103    51
     1   104    51
     1   105    51
     2   106    51
     3   108    51
     4   109    51
     4   110    51
     5   111    51
     6   112    52
     7   113    52
     7   115    52
     8   116    52
     9   117    52
    10   118    52
    11   120    52
    12   121    53
    13   122    53
    13   123    53
    14   124    53
    15   125    53
    16   127    53
    17   128    53
    18   129    54
    19   130    54
    20   131    54
    21   133    54
    22   134    54
    23   135    55
    24   136    55
    25   138    55
    27   139    55
    28   140    56
    29   141    56
    30   142    56
    31   144    56
    32   145    57
    33   146    57
    35   147    57
    36   148    58
    37   150    58
    38   151    58
    40   152    59
    41   153    59
    42   154    60
    44   156    60
    45   157    60
    46   158    61
    48   159    61
    49   160    62
    50   162    62
    52   163    63
    53   164    63
    55   165    64
    56   166    64
    57   168    65
    59   169    66
    60   170    66
    62   171    67
    63   172    68
    65   174    68
    67   175    69
    68   176    70
    70   177    70
    72   178    71
    74   179    73
    76   181    75
    79   182    76
    81   183    78
    84   184    80
    86   186    81
    89   187    83
    91   188    85
    94   189    86
    96   190    88
    99   192    90
   101   193    92
   104   194    93
   106   195    95
   109   196    97
   111   198    99
   114   199   101
   117   200   103
   119   201   104
   122   202   106
   124   203   108
   127   205   110
   129   206   112
   132   207   114
   134   208   116
   137   210   118
   139   211   120
   142   212   122
   145   213   124
   147   214   126
   150   216   128
   152   217   130
   155   218   132
   157   219   135
   160   220   137
   162   221   139
   165   223   141
   167   224   143
   170   225   145
   172   226   147
   175   227   150
   177   229   152
   180   230   154
   182   231   156
   185   232   159
   187   234   161
   190   235   163
   192   236   166
   195   237   168
   197   238   170
   200   240   173
   202   241   175
   204   242   177
   207   243   180
   209   244   182
   212   246   185
   214   247   187
   216   248   190
   219   249   192
   221   250   195
   223   252   197
   226   253   200
   228   254   202
   228   254   202
   227   253   200
   225   252   197
   224   250   195
   223   249   192
   221   248   190
   220   247   187
   219   246   185
   218   244   182
   217   243   180
   215   242   177
   214   241   175
   213   240   173
   212   238   170
   211   237   168
   210   236   166
   209   235   163
   208   234   161
   207   232   159
   206   231   156
   205   230   154
   204   229   152
   203   227   150
   203   226   147
   202   225   145
   201   224   143
   200   223   141
   199   221   139
   199   220   137
   198   219   135
   197   218   132
   197   217   130
   196   216   128
   195   214   126
   195   213   124
   194   212   122
   193   211   120
   193   210   118
   192   208   116
   192   207   114
   191   206   112
   191   205   110
   190   204   108
   190   202   106
   189   201   104
   189   200   103
   188   199   101
   188   198    99
   188   196    97
   187   195    95
   187   194    93
   186   193    92
   186   191    90
   186   190    88
   185   189    86
   185   188    85
   185   187    83
   184   185    81
   184   184    80
   183   183    78
   182   180    76
   181   178    75
   179   176    73
   178   174    71
   177   172    70
   176   170    68
   175   168    67
   174   166    65
   172   163    63
   171   161    62
   170   159    60
   169   157    59
   168   155    57
   166   153    56
   165   150    55
   164   148    53
   163   146    52
   162   144    50
   160   142    49
   159   140    48
   158   137    46
   157   135    45
   156   133    44
   154   131    42
   153   129    41
   152   126    40
   151   124    38
   149   122    37
   148   120    36
   147   118    35
   146   116    33
   145   114    32
   144   111    31
   142   109    30
   141   107    29
   140   105    28
   139   103    27
   138   101    25
   136    99    24
   135    96    23
   134    94    22
   133    92    21
   132    90    20
   130    88    19
   129    86    18
   128    84    17
   127    82    16
   126    80    15
   124    78    14
   123    76    13
   122    74    13
   121    72    12
   120    70    11
   118    68    10
   117    66     9
   116    64     8
   115    62     7
   113    60     7
   112    58     6
   111    56     5
   110    55     4
   109    53     4
   107    51     3
   106    49     2
   105    47     1
   104    46     1
   103    44     0
   102    42     0
