0.6588 0.3307 0.0923 0.7707 0.8266 0.0856 0.5901 0.2587 
0.5662 0.1436 0.8865 0.8686 0.3430 0.8731 0.0120 0.9793 
0.3566 0.3511 0.1464 0.9237 0.2305 0.6419 0.7171 0.3879 
0.9802 0.8434 0.8524 0.9803 0.6393 0.1710 0.9556 0.7918 
0.6051 0.4253 0.8847 0.2974 0.1751 0.1901 0.6016 0.0529 
0.6532 0.6909 0.6270 0.3081 0.9844 0.0913 0.7804 0.9384 
0.5104 0.0808 0.4637 0.1207 0.7664 0.1757 0.8443 0.2810 
0.4681 0.5441 0.0504 0.2413 0.3203 0.4950 0.2709 0.5870 
0.9040 0.0031 0.9806 0.3421 0.7810 0.8820 0.6110 0.5777 
0.5918 0.4771 0.6382 0.9131 0.8696 0.7814 0.6373 0.5891 
0.6919 0.1354 0.3276 0.2666 0.8467 0.0274 0.7036 0.2401 
0.2492 0.0497 0.1755 0.1430 0.8819 0.5356 0.9924 0.9056 
0.2592 0.8239 0.6592 0.4372 0.3992 0.7785 0.9229 0.4604 
0.7436 0.4442 0.3306 0.7299 0.5410 0.2965 0.8120 0.9367 
0.6246 0.9924 0.6948 0.2888 0.5946 0.9179 0.3516 0.7335 
0.6317 0.7017 0.6118 0.7904 0.8157 0.8506 0.6783 0.3412 
0.3074 0.3373 0.5280 0.2740 0.6918 0.2992 0.3041 0.3716 
0.8320 0.0446 0.2283 0.8051 0.6274 0.3045 0.8478 0.2471 
0.3591 0.8741 0.1698 0.8507 0.9717 0.5391 0.1541 0.7754 
0.7072 0.9070 0.3792 0.8400 0.1867 0.5889 0.1523 0.8331 
0.2234 0.2612 0.8041 0.6179 0.3373 0.4647 0.3963 0.3560 
0.7369 0.2827 0.4297 0.3351 0.3868 0.0790 0.0090 0.8626 
0.2649 0.0000 0.6278 0.9614 0.6589 0.9136 0.5878 0.9059 
0.9191 0.5276 0.1577 0.0641 0.5367 0.5814 0.0401 0.3747 
0.6924 0.5495 0.6036 0.5485 0.6035 0.0843 0.7249 0.9070 
0.7063 0.6156 0.5080 0.2265 0.4235 0.3792 0.4684 0.5095 
0.9370 0.5267 0.9792 0.6033 0.4888 0.9496 0.2659 0.2492 
0.0191 0.4682 0.4594 0.1840 0.8174 0.2051 0.8201 0.8615 
0.7371 0.2059 0.7935 0.9230 0.2111 0.6422 0.2651 0.0267 
0.2366 0.2076 0.4245 0.9873 0.6739 0.4704 0.2711 0.8266 
0.9413 0.8225 0.4302 0.8097 0.1124 0.5928 0.6481 0.1508 
0.7231 0.8831 0.5020 0.4352 0.3359 0.8441 0.4119 0.7372 
0.6741 0.8087 0.5038 0.8104 0.9070 0.8843 0.7849 0.9730 
0.9305 0.5505 0.5111 0.2630 0.8931 0.1373 0.4432 0.8164 
0.1316 0.6408 0.1194 0.9835 0.6316 0.9561 0.5249 0.3313 
0.1764 0.4484 0.4166 0.1489 0.9874 0.5722 0.5663 0.0751 
0.0402 0.0365 0.7163 0.9608 0.4102 0.4177 0.5507 0.9265 
0.0336 0.8749 0.2448 0.4612 0.6280 0.6056 0.0160 0.7277 
0.1214 0.6448 0.4698 0.0216 0.3909 0.1478 0.8785 0.5933 
0.0555 0.3265 
