100
0.6586 0.3846 0.4242 0.0112 0.8436 0.5168 0.1788 0.8928 
0.1873 0.1028 0.3814 0.2861 0.4140 0.8359 0.4081 0.0883 
0.2221 0.1202 0.6439 0.9184 0.7060 0.0387 0.0478 0.4748 
0.5952 0.0356 0.0935 0.3628 0.1593 0.1353 0.6460 0.9259 
0.7315 0.0014 0.8023 0.4504 0.1959 0.4978 0.8705 0.0927 
0.2421 0.2144 0.9471 0.7074 0.4388 0.9107 0.8313 0.3972 
0.3291 0.9885 0.4689 0.7887 0.6331 0.9285 0.0664 0.2858 
0.8726 0.6144 0.7742 0.4244 0.1807 0.3594 0.7822 0.0160 
0.3048 0.1838 0.9963 0.6201 0.3480 0.6696 0.5898 0.0534 
0.2794 0.0626 0.7458 0.9797 0.6402 0.2789 0.7918 0.4829 
0.8573 0.3744 0.8515 0.6129 0.7993 0.1410 0.6169 0.4777 
0.2654 0.3925 0.1797 0.9534 0.3515 0.1373 0.2590 0.5262 
0.8967 0.5786 0.5796 0.9753 
